2231.82,10,10,0,
2232.23,9.99999,9.99906,-0.000156192,
2232.55,9.99999,9.99907,-0.000153437,
2232.98,9.99999,9.99907,-0.00015337,
2233.39,9.99999,9.99907,-0.000153332,
2233.8,9.99999,9.99907,-0.000153385,
2234.21,9.99999,9.99907,-0.000153415,
2234.62,9.99999,9.99907,-0.000153356,
2235.03,9.99999,9.99907,-0.000153352,
2235.46,9.99999,9.99907,-0.000153356,
2235.88,10.0005,9.99959,-0.000342761,
2236.3,10.2497,9.99978,-0.00207807,
2236.72,10.5529,9.99976,0.000321754,
2237.14,10.8628,10.0004,-0.000868606,
2237.56,11.2015,9.99855,-0.000278991,
2237.96,11.4759,9.99892,-0.00163153,
2238.37,11.7776,10.0001,0.000428803,
2238.78,12.076,9.99486,-0.0025618,
2239.19,12.7911,9.9965,-0.00569032,
2239.6,13.0609,9.99394,-0.00386837,
2240.03,13.6979,9.99203,0.002461,
2240.44,14.1052,9.99375,0.00403664,
2240.85,14.5117,9.9941,0.0048103,
2241.27,14.9307,9.98746,0.0117804,
2241.68,15.3559,9.99306,0.0130715,
2242.1,15.77,9.99025,0.0174826,
2242.52,16.202,9.98761,0.0210047,
2242.94,16.6322,9.99344,0.0266953,
2243.36,17.0616,9.98752,0.0323648,
2243.8,17.5108,9.98948,0.0383085,
2244.22,17.9433,9.98841,0.0459703,
2244.64,18.3682,9.99098,0.0502828,
2245.07,18.799,9.98709,0.0586362,
2245.57,19.3306,9.98407,0.0690724,
2246.02,19.7937,9.98566,0.0771793,
2246.46,20.2491,9.98358,0.087575,
2246.9,20.7031,9.98091,0.0929918,
2247.32,21.1328,9.9843,0.107726,
2247.74,21.5652,9.97927,0.116555,
2248.17,22.0087,9.97992,0.122492,
2248.64,22.4887,9.98074,0.134163,
2249.06,22.9347,9.97552,0.144632,
2249.49,23.3692,9.97481,0.154283,
2249.92,23.8011,9.97227,0.166515,
2250.34,24.2259,9.97183,0.175081,
2250.77,24.6711,9.96806,0.186527,
2251.2,25.1005,9.96409,0.200275,
2251.62,25.5476,9.96319,0.216193,
2252.07,26.0162,9.96081,0.231967,
2252.51,26.463,9.95798,0.24365,
2252.94,26.8846,9.95763,0.259218,
2253.36,27.3181,9.96005,0.275322,
2253.81,27.809,9.95773,0.295143,
2254.25,28.2599,9.95702,0.308092,
2254.7,28.7072,9.95306,0.333716,
2255.13,29.1706,9.94482,0.354088,
2255.57,29.6194,9.94531,0.37154,
2256.01,30.0901,9.94673,0.39425,
2256.43,30.5248,9.94651,0.414171,
2256.85,30.9564,9.9414,0.4333,
2257.27,31.3967,9.94578,0.452347,
2257.69,31.8433,9.93915,0.470862,
2258.13,32.2898,9.94194,0.494669,
2258.55,32.7198,9.94344,0.515326,
2258.97,33.1568,9.94093,0.534403,
2259.42,33.626,9.8801,0.551406,
2259.83,33.8604,9.78279,0.559268,
2260.26,33.7886,9.74071,0.546065,
2260.69,34.0401,9.48267,0.566859,
2261.13,34.284,9.20819,0.568229,
2261.54,34.4245,8.88654,0.582776,
2261.96,34.4958,8.56456,0.587121,
2262.37,34.5626,8.14569,0.599023,
2262.78,34.5488,7.72175,0.627438,
2263.18,34.5243,7.31452,0.615476,
2263.6,34.5387,6.88378,0.62391,
2264.08,34.5726,6.40558,0.629795,
2264.49,34.6885,6.02611,0.639154,
2264.91,34.7433,5.63959,0.644158,
2265.36,34.8545,5.20942,0.650314,
2265.78,35.0022,4.85894,0.669675,
2266.2,35.1368,4.43359,0.689049,
2266.61,35.2774,4.00662,0.693164,
2267.03,35.4113,3.59547,0.702412,
2267.45,35.5298,3.17931,0.712337,
2267.9,35.6675,2.7523,0.737852,
2268.34,35.7953,2.33417,0.732381,
2268.77,35.9164,1.86265,0.750277,
2269.2,36.0428,1.45156,0.760059,
2269.64,36.1614,1.04125,0.764315,
2270.06,36.2832,0.664718,0.778739,
2270.49,36.4051,0.240072,0.788593,
2270.98,36.5437,-0.277484,0.797555,
2271.41,36.6624,-0.702962,0.812064,
2271.84,36.7856,-1.12175,0.814971,
2272.33,36.9238,-1.61572,0.82196,
2272.76,37.0436,-1.98879,0.830498,
2273.2,37.1624,-2.43349,0.837525,
2273.63,37.2872,-2.85316,0.849805,
2274.05,37.4034,-3.27959,0.864952,
2274.48,37.5341,-3.70445,0.875558,
2274.9,37.6475,-4.13618,0.883406,
2275.33,37.7694,-4.55617,0.890965,
2275.74,37.8717,-4.9674,0.894885,
2276.16,37.9058,-5.30791,0.896533,
2276.58,38.0278,-5.76724,0.907743,
2277.01,38.0819,-6.20731,0.921338,
2277.43,38.1405,-6.63763,0.930906,
2277.85,38.1967,-7.09373,0.939395,
2278.28,38.254,-7.52329,0.949356,
2278.73,38.3163,-7.99624,0.955007,
2279.14,38.368,-8.42062,0.962509,
2279.55,38.4256,-8.84517,0.972999,
2279.99,38.4886,-9.28888,0.980709,
2280.44,38.5464,-9.75842,0.996049,
2280.86,38.6066,-10.206,1.00623,
2281.28,38.6576,-10.628,1.01316,
2281.7,38.7171,-11.0543,1.02301,
2282.14,38.7736,-11.4938,1.03366,
2282.56,38.8336,-11.9365,1.04646,
2282.97,38.8903,-12.3524,1.05248,
2283.39,38.9455,-12.7865,1.06444,
2283.84,39.0054,-13.2377,1.0756,
2284.26,39.0646,-13.6756,1.08515,
2284.68,39.1156,-14.085,1.09325,
2285.1,39.1726,-14.5107,1.10252,
2285.52,39.233,-14.9433,1.11119,
2285.94,39.2889,-15.373,1.12181,
2286.37,39.3503,-15.812,1.13437,
2286.79,39.4066,-16.229,1.14326,
2287.23,39.4664,-16.6778,1.15275,
2287.64,39.5185,-17.1085,1.16345,
2288.06,39.5812,-17.5299,1.17285,
2288.47,39.6225,-17.9677,1.18266,
2288.89,39.5774,-18.4297,1.19247,
2289.31,39.5588,-18.818,1.20176,
2289.74,39.5483,-19.2049,1.20467,
2290.15,39.4804,-19.6329,1.20855,
2290.56,39.4241,-20.0409,1.21267,
2290.97,39.3647,-20.4649,1.21614,
2291.39,39.3038,-20.8876,1.22304,
2291.8,39.2473,-21.3168,1.22917,
2292.23,39.1907,-21.7452,1.23471,
2292.65,39.1262,-22.1715,1.24253,
2293.07,39.0648,-22.6093,1.25056,
2293.5,38.9961,-23.0377,1.25408,
2293.92,38.9387,-23.4758,1.26016,
2294.34,38.8744,-23.9015,1.26507,
2294.75,38.8199,-24.3304,1.272,
2295.16,38.7627,-24.7541,1.27804,
2295.57,38.7053,-25.1667,1.28637,
2295.98,38.6427,-25.5843,1.29409,
2296.39,38.5856,-26.0036,1.29908,
2296.8,38.5343,-26.3889,1.30715,
2297.22,38.5201,-26.4565,1.30742,
2297.63,38.5198,-26.4557,1.30717,
2298.05,38.4635,-26.8333,1.31861,
2298.46,38.4175,-27.2627,1.32289,
2298.87,38.465,-27.6403,1.31095,
2299.29,38.4615,-28.0576,1.34566,
2299.7,38.5259,-28.465,1.36434,
2300.12,38.5941,-28.8906,1.36593,
2300.53,38.6513,-29.3192,1.38143,
2300.97,38.719,-29.761,1.38531,
2301.38,38.788,-30.1999,1.38704,
2301.8,38.8482,-30.618,1.40576,
2302.22,38.9158,-31.0353,1.41486,
2302.63,38.9791,-31.4558,1.42594,
2303.06,39.0389,-31.9119,1.44006,
2303.5,39.1059,-32.3394,1.45158,
2303.93,39.172,-32.7826,1.45879,
2304.35,39.2121,-33.2271,1.47356,
2304.76,39.2058,-33.5451,1.48037,
2305.17,39.1359,-33.808,1.48475,
2305.57,39.0025,-34.0315,1.48742,
2305.98,38.8019,-34.3969,1.48114,
2306.41,38.674,-34.7186,1.48913,
2306.81,38.5701,-35.1228,1.49222,
2307.21,38.492,-35.5353,1.49766,
2307.61,38.4077,-35.956,1.50206,
2308.02,38.3825,-36.3578,1.50856,
2308.42,38.3328,-36.7582,1.51784,
2308.88,38.2966,-37.2198,1.52804,
2309.3,38.2706,-37.6416,1.53319,
2309.7,38.2476,-38.0433,1.53539,
2310.1,38.214,-38.4375,1.53958,
2310.5,38.1795,-38.8458,1.5471,
2310.91,38.1475,-39.2688,1.55331,
2311.31,38.1039,-39.699,1.56838,
2311.73,38.0676,-40.1305,1.57951,
2312.16,38.0397,-40.5693,1.58559,
2312.57,38.0045,-40.9859,1.5918,
2312.97,37.9754,-41.4114,1.5999,
2313.38,37.9395,-41.8237,1.60788,
2313.78,37.897,-42.2461,1.61772,
2314.18,37.7995,-42.6132,1.62372,
2314.6,37.6565,-42.9989,1.62588,
2315.05,37.5043,-43.2901,1.62619,
2315.46,37.3369,-43.4152,1.62618,
2315.88,37.0125,-43.7015,1.61656,
2316.31,36.64,-43.9473,1.60936,
2316.72,36.3019,-44.1184,1.60378,
2317.12,36.0511,-44.2386,1.59768,
2317.52,35.8405,-44.2405,1.58891,
2317.93,35.4695,-44.2667,1.57693,
2318.33,35.0545,-44.2272,1.55884,
2318.74,34.6377,-44.189,1.54392,
2319.15,34.2221,-44.1381,1.52685,
2319.56,33.8034,-44.1022,1.51303,
2319.96,33.3928,-44.0534,1.49816,
2320.39,32.9497,-44.0082,1.47948,
2320.81,32.521,-43.964,1.46687,
2321.26,32.0591,-43.9547,1.45154,
2321.68,31.6165,-43.93,1.43416,
2322.11,31.1709,-43.9186,1.41744,
2322.56,30.7152,-43.9133,1.40043,
2322.99,30.2828,-43.9112,1.38361,
2323.4,29.857,-43.9114,1.36699,
2323.81,29.4312,-43.9079,1.35187,
2324.22,29.0111,-43.9052,1.33679,
2324.62,28.5958,-43.9,1.32327,
2325.03,28.1899,-43.8948,1.30636,
2325.43,27.7695,-43.8715,1.28621,
2325.84,27.3718,-43.8941,1.27327,
2326.24,26.946,-43.8795,1.25915,
2326.64,26.5316,-43.8766,1.24278,
2327.05,26.1106,-43.8721,1.22974,
2327.45,25.694,-43.863,1.21445,
2327.85,25.2792,-43.8603,1.20123,
2328.26,24.8643,-43.8557,1.1838,
2328.66,24.4408,-43.8505,1.16943,
2329.07,24.0283,-43.8424,1.1573,
2329.48,23.596,-43.8361,1.14035,
2329.89,23.1826,-43.8319,1.12417,
2330.29,22.7596,-43.8234,1.11062,
2330.7,22.338,-43.8374,1.09475,
2331.11,21.9171,-43.8236,1.08158,
2331.51,21.5112,-43.8201,1.0702,
2331.92,21.0926,-43.8188,1.05379,
2332.33,20.661,-43.8163,1.03868,
2332.74,20.2387,-43.8141,1.02444,
2333.15,19.8188,-43.814,1.00805,
2333.57,19.389,-43.8093,0.993065,
2333.97,18.9801,-43.8041,0.980994,
2334.38,18.5618,-43.7944,0.967191,
2334.78,18.1384,-43.7822,0.948305,
2335.19,17.719,-43.7876,0.93633,
2335.59,17.2964,-43.7759,0.920684,
2335.99,16.8911,-43.7637,0.904853,
2336.4,16.4774,-43.7642,0.891469,
2336.8,16.0548,-43.7654,0.879412,
2337.24,15.6059,-43.7546,0.863349,
2337.64,15.1929,-43.7522,0.85233,
2338.06,14.7543,-43.7409,0.835612,
2338.47,14.3349,-43.7424,0.819957,
2338.87,13.9257,-43.7429,0.807369,
2339.28,13.5071,-43.7428,0.793855,
2339.68,13.0928,-43.7365,0.781555,
2340.12,12.6495,-43.7298,0.767316,
2340.52,12.2224,-43.7218,0.748988,
2340.92,11.8118,-43.725,0.74004,
2341.33,11.3886,-43.7151,0.723834,
2341.74,10.9761,-43.7182,0.709727,
2342.14,10.5534,-43.7204,0.6978,
2342.55,10.1301,-43.6992,0.684628,
2342.96,9.70822,-43.6967,0.670762,
2343.37,9.27866,-43.7007,0.658126,
2343.79,8.8407,-43.6883,0.643459,
2344.2,8.41802,-43.6896,0.630273,
2344.6,8.01497,-43.6844,0.618662,
2345,7.59249,-43.6844,0.605997,
2345.4,7.18133,-43.6672,0.591494,
2345.8,6.76867,-43.6624,0.579206,
2346.2,6.35252,-43.6675,0.568363,
2346.6,5.94671,-43.6645,0.553927,
2347.06,5.4725,-43.6578,0.539094,
2347.47,5.0601,-43.6492,0.527987,
2347.87,4.63057,-43.6514,0.515931,
2348.28,4.21358,-43.6537,0.501979,
2348.68,3.79246,-43.6415,0.489022,
2349.08,3.38039,-43.6314,0.47564,
2349.5,2.95596,-43.6303,0.463227,
2349.9,2.53668,-43.6275,0.449373,
2350.3,2.12894,-43.625,0.438038,
2350.7,1.72,-43.6232,0.424807,
2351.11,1.30289,-43.6225,0.412497,
2351.51,0.888674,-43.6168,0.400402,
2351.92,0.45007,-43.6063,0.386253,
2352.34,0.0239544,-43.6091,0.374602,
2352.76,-0.406308,-43.6026,0.362154,
2353.17,-0.824074,-43.5963,0.350156,
2353.57,-1.23858,-43.6106,0.339255,
2353.98,-1.6582,-43.5897,0.326048,
2354.38,-2.09148,-43.5931,0.313825,
2354.78,-2.49956,-43.59,0.300539,
2355.18,-2.90989,-43.579,0.290535,
2355.58,-3.31116,-43.5797,0.281221,
2355.98,-3.72696,-43.5755,0.266907,
2356.38,-4.14486,-43.5685,0.255873,
2356.78,-4.5481,-43.5613,0.24484,
2357.18,-4.9669,-43.5545,0.231375,
2357.58,-5.37577,-43.5621,0.219563,
2357.99,-5.80407,-43.5609,0.208841,
2358.42,-6.25313,-43.5521,0.194098,
2358.82,-6.66009,-43.549,0.185671,
2359.26,-7.11324,-43.5477,0.173838,
2359.68,-7.55057,-43.533,0.160325,
2360.1,-7.97449,-43.5191,0.14931,
2360.5,-8.39731,-43.5398,0.139029,
2360.91,-8.79662,-43.5084,0.129247,
2361.31,-9.20852,-43.5122,0.11827,
2361.71,-9.63126,-43.5081,0.106522,
2362.11,-10.0376,-43.52,0.095055,
2362.53,-10.4731,-43.5186,0.084472,
2362.95,-10.9038,-43.4965,0.0673941,
2363.36,-11.328,-43.4961,0.0563217,
2363.77,-11.7437,-43.4942,0.0454529,
2364.19,-12.183,-43.4962,0.0348586,
2364.64,-12.6511,-43.4949,0.024271,
2365.06,-13.0884,-43.4863,0.0118604,
2365.52,-13.557,-43.4964,0.00113008,
2365.95,-13.9923,-43.482,-0.0099415,
2366.37,-14.4363,-43.477,-0.0219521,
2366.78,-14.8571,-43.4771,-0.0330544,
2367.22,-15.3084,-43.4671,-0.0455928,
2367.64,-15.752,-43.4702,-0.0564102,
2368.05,-16.167,-43.4599,-0.0703615,
2368.45,-16.5714,-43.4603,-0.0771742,
2368.87,-17.0015,-43.4576,-0.088694,
2369.27,-17.4159,-43.4467,-0.099155,
2369.68,-17.8285,-43.4431,-0.106672,
2370.08,-18.2445,-43.4415,-0.117963,
2370.49,-18.6722,-43.4422,-0.129053,
2370.89,-19.0779,-43.4403,-0.139371,
2371.3,-19.5032,-43.4319,-0.147997,
2371.71,-19.9323,-43.4343,-0.160096,
2372.12,-20.3564,-43.4209,-0.172859,
2372.54,-20.7986,-43.4212,-0.183248,
2372.96,-21.2276,-43.4212,-0.194038,
2373.37,-21.642,-43.4047,-0.203951,
2373.77,-22.0577,-43.408,-0.21277,
2374.17,-22.4673,-43.4003,-0.222889,
2374.58,-22.8873,-43.3889,-0.23536,
2374.99,-23.2996,-43.3909,-0.243419,
2375.4,-23.7226,-43.4163,-0.253694,
2375.81,-24.1426,-43.4237,-0.265844,
2376.21,-24.5613,-43.5071,-0.27365,
2376.63,-24.9742,-43.5983,-0.283259,
2377.05,-25.385,-43.6899,-0.290378,
2377.45,-25.8032,-43.7865,-0.297692,
2377.86,-26.208,-43.8831,-0.304999,
2378.26,-26.6134,-43.9813,-0.315983,
2378.67,-27.0159,-44.0747,-0.318969,
2379.11,-27.4628,-44.1821,-0.328494,
2379.55,-27.9111,-44.2791,-0.33737,
2379.99,-28.3431,-44.3842,-0.34646,
2380.39,-28.7454,-44.4794,-0.353375,
2380.81,-29.1557,-44.5778,-0.359152,
2381.22,-29.5709,-44.6828,-0.365459,
2381.63,-29.9852,-44.7934,-0.371585,
2382.04,-30.393,-44.8553,-0.376545,
2382.44,-30.7679,-44.8576,-0.383494,
2382.85,-31.2051,-44.874,-0.392536,
2383.25,-31.6195,-44.8752,-0.403125,
2383.65,-32.0399,-44.8761,-0.412622,
2384.06,-32.4592,-44.8713,-0.421167,
2384.47,-32.8764,-44.8782,-0.42876,
2384.92,-33.3481,-44.8826,-0.439297,
2385.34,-33.7711,-44.8846,-0.450257,
2385.74,-34.1439,-44.8457,-0.456461,
2386.15,-34.433,-44.7458,-0.467076,
2386.55,-34.5668,-44.6525,-0.464933,
2386.95,-34.6874,-44.5098,-0.476248,
2387.36,-34.8328,-44.267,-0.483023,
2387.77,-35.061,-43.9044,-0.502399,
2388.18,-35.1783,-43.499,-0.511731,
2388.58,-35.2914,-43.1074,-0.518681,
2388.99,-35.4249,-42.704,-0.53032,
2389.4,-35.5589,-42.3117,-0.539677,
2389.81,-35.6842,-41.894,-0.549046,
2390.23,-35.825,-41.4948,-0.557791,
2390.67,-35.8765,-41.0309,-0.571519,
2391.07,-35.9811,-40.655,-0.576355,
2391.47,-36.0361,-40.2492,-0.586727,
2391.88,-36.1013,-39.8322,-0.593765,
2392.28,-36.163,-39.4237,-0.603902,
2392.69,-36.224,-39.013,-0.614643,
2393.12,-36.2888,-38.5663,-0.623507,
2393.52,-36.3496,-38.1568,-0.631334,
2393.94,-36.4096,-37.7438,-0.640003,
2394.35,-36.4748,-37.3096,-0.649873,
2394.76,-36.5299,-36.895,-0.654241,
2395.18,-36.5912,-36.4603,-0.6634,
2395.59,-36.6522,-36.0432,-0.671071,
2396,-36.7134,-35.6335,-0.677865,
2396.44,-36.7792,-35.1844,-0.683759,
2396.86,-36.8478,-34.7476,-0.691674,
2397.28,-36.9036,-34.3333,-0.698118,
2397.71,-36.9699,-33.8874,-0.703206,
2398.15,-37.0311,-33.445,-0.710971,
2398.57,-37.0964,-33.0109,-0.720472,
2399.01,-37.1628,-32.5818,-0.727764,
2399.43,-37.2075,-32.1218,-0.731867,
2399.85,-37.2496,-31.6975,-0.737827,
2400.28,-37.287,-31.2698,-0.74146,
2400.69,-37.3222,-30.8502,-0.749976,
2401.13,-37.3654,-30.3922,-0.757153,
2401.56,-37.4005,-29.9406,-0.760443,
2401.98,-37.4388,-29.5176,-0.76853,
2402.4,-37.4722,-29.0796,-0.773514,
2402.83,-37.5113,-28.6433,-0.78158,
2403.24,-37.5484,-28.2171,-0.787867,
2403.67,-37.5846,-27.7802,-0.792716,
2404.1,-37.6236,-27.3311,-0.80479,
2404.54,-37.6626,-26.8802,-0.811418,
2404.98,-37.7003,-26.4279,-0.819651,
2405.4,-37.7362,-25.9917,-0.828194,
2405.82,-37.7714,-25.5676,-0.835316,
2406.24,-37.8086,-25.1265,-0.841969,
2406.66,-37.8446,-24.6896,-0.847836,
2407.08,-37.8852,-24.2708,-0.85307,
2407.5,-37.9226,-23.8357,-0.862374,
2407.92,-37.9574,-23.4127,-0.867905,
2408.36,-37.9959,-22.9486,-0.877482,
2408.78,-38.0334,-22.531,-0.880385,
2409.19,-38.0489,-22.3312,-0.883547,
2409.61,-38.0484,-22.3286,-0.883212,
2410.03,-38.0491,-22.3282,-0.882972,
2410.46,-38.0492,-22.3283,-0.883113,
2410.95,-38.0492,-22.3286,-0.883087,
2411.4,-38.049,-22.3289,-0.88315,
2411.84,-38.0491,-22.3289,-0.883224,
2412.26,-38.0492,-22.329,-0.883052,
2412.68,-38.0659,-22.2501,-0.881849,
2413.1,-38.0992,-21.8059,-0.910669,
2413.54,-38.1352,-21.3597,-0.886764,
2413.96,-38.1713,-20.9131,-0.909548,
2414.38,-38.2084,-20.4854,-0.906419,
2414.79,-38.2446,-20.0626,-0.910016,
2415.21,-38.2819,-19.6271,-0.919485,
2415.63,-38.3181,-19.192,-0.928006,
2416.06,-38.3552,-18.7649,-0.937683,
2416.47,-38.3883,-18.3403,-0.940735,
2416.89,-38.4271,-17.9107,-0.948893,
2417.3,-38.4638,-17.4759,-0.951311,
2417.74,-38.5029,-17.024,-0.959192,
2418.16,-38.5359,-16.6047,-0.964071,
2418.57,-38.5742,-16.1747,-0.970895,
2418.99,-38.6157,-15.7498,-0.977947,
2419.4,-38.6473,-15.3244,-0.982217,
2419.81,-38.6812,-14.9101,-0.986262,
2420.23,-38.7166,-14.4803,-0.991136,
2420.64,-38.7566,-14.0545,-0.996961,
2421.05,-38.794,-13.6328,-1.00206,
2421.47,-38.8294,-13.2121,-1.00658,
2421.9,-38.868,-12.7589,-1.01348,
2422.32,-38.9051,-12.3269,-1.0189,
2422.73,-38.9442,-11.9029,-1.02613,
2423.17,-38.981,-11.4545,-1.02997,
2423.59,-39.0217,-11.0172,-1.03547,
2424.01,-39.0581,-10.581,-1.04225,
2424.43,-39.091,-10.1568,-1.04621,
2424.86,-39.1242,-9.71059,-1.04662,
2425.28,-39.168,-9.2915,-1.05684,
2425.7,-39.2045,-8.86659,-1.05615,
2426.12,-39.243,-8.40317,-1.05991,
2426.55,-39.2822,-7.97539,-1.06199,
2426.96,-39.3151,-7.54998,-1.06813,
2427.39,-39.3521,-7.11374,-1.06526,
2427.81,-39.3947,-6.67369,-1.07068,
2428.24,-39.4268,-6.23181,-1.07411,
2428.7,-39.4711,-5.75211,-1.07997,
2429.13,-39.5101,-5.31338,-1.08097,
2429.58,-39.546,-4.8647,-1.08184,
2430.01,-39.5645,-4.40988,-1.08411,
2430.43,-39.5354,-3.99199,-1.08661,
2430.86,-39.4943,-3.56139,-1.07856,
2431.29,-39.452,-3.11211,-1.07861,
2431.71,-39.4088,-2.67924,-1.07956,
2432.14,-39.3625,-2.24642,-1.08002,
2432.56,-39.3175,-1.81452,-1.08008,
2432.98,-39.271,-1.39029,-1.08,
2433.42,-39.2218,-0.919131,-1.07954,
2433.84,-39.1773,-0.493416,-1.0798,
2434.28,-39.1312,-0.0524311,-1.08085,
2434.71,-39.0864,0.397641,-1.08284,
2435.14,-39.0369,0.834728,-1.08122,
2435.57,-38.9918,1.27824,-1.08463,
2436,-38.947,1.71378,-1.08614,
2436.42,-38.8954,2.12666,-1.08479,
2436.91,-38.8052,2.60038,-1.08306,
2437.34,-38.6977,3.07245,-1.08354,
2437.77,-38.5963,3.51468,-1.08372,
2438.2,-38.4637,3.87907,-1.08367,
2438.61,-38.3056,4.27577,-1.0828,
2439.03,-38.1163,4.69605,-1.08646,
2439.45,-37.9174,5.08745,-1.08912,
2439.86,-37.7012,5.45471,-1.08905,
2440.27,-37.4809,5.81749,-1.08471,
2440.71,-37.2302,6.17635,-1.08381,
2441.12,-36.9778,6.53901,-1.08213,
2441.53,-36.7231,6.87089,-1.08249,
2441.94,-36.445,7.17688,-1.08113,
2442.35,-36.1392,7.47224,-1.07662,
2442.76,-35.8089,7.75589,-1.07448,
2443.19,-35.4593,7.99333,-1.07174,
2443.61,-35.0911,8.2095,-1.06772,
2444.02,-34.7145,8.4158,-1.06095,
2444.43,-34.3211,8.59469,-1.05647,
2444.84,-33.9269,8.74207,-1.05361,
2445.28,-33.4913,8.87547,-1.0524,
2445.7,-33.0782,8.96996,-1.04883,
2446.13,-32.6396,9.09925,-1.03887,
2446.57,-32.2022,9.19671,-1.0308,
2447.02,-31.7444,9.29972,-1.02558,
2447.45,-31.304,9.39689,-1.01549,
2447.88,-30.8737,9.4908,-1.00839,
2448.3,-30.436,9.57569,-1.00431,
2448.76,-29.9749,9.65262,-0.993733,
2449.2,-29.5186,9.70929,-0.984654,
2449.63,-29.0815,9.75945,-0.977655,
2450.06,-28.6461,9.80153,-0.967518,
2450.51,-28.1695,9.85374,-0.958977,
2450.99,-27.6717,9.90058,-0.951751,
2451.42,-27.2238,9.94554,-0.942355,
2451.84,-26.7972,9.9874,-0.933424,
2452.27,-26.3691,10.0302,-0.925064,
2452.7,-25.9432,10.0732,-0.918119,
2453.12,-25.4969,10.1183,-0.9088,
2453.55,-25.0531,10.1637,-0.900907,
2453.98,-24.6159,10.2072,-0.893416,
2454.41,-24.2044,10.2528,-0.887792,
2454.87,-23.729,10.3004,-0.879762,
2455.29,-23.282,10.3467,-0.871994,
2455.75,-22.8343,10.3886,-0.865785,
2456.17,-22.4217,10.4305,-0.857631,
2456.59,-22.009,10.4738,-0.851887,
2457.01,-21.5761,10.5151,-0.845281,
2457.44,-21.2009,10.501,-0.842981,
2457.88,-20.6707,10.5254,-0.833464,
2458.3,-20.2431,10.5213,-0.824501,
2458.72,-19.8195,10.5159,-0.815955,
2459.14,-19.3947,10.5141,-0.809263,
2459.55,-18.9844,10.5101,-0.80068,
2459.97,-18.5283,10.5162,-0.794688,
2460.38,-18.1037,10.5091,-0.782308,
2460.79,-17.9149,10.5058,-0.781415,
2461.2,-17.9111,10.5067,-0.781182,
2461.61,-17.9106,10.5067,-0.781578,
2462.02,-17.9111,10.5067,-0.781554,
2462.47,-17.9113,10.5067,-0.781485,
2462.9,-17.9118,10.5066,-0.781329,
2463.32,-17.9116,10.5067,-0.781492,
2463.73,-17.9115,10.5067,-0.781484,
2464.15,-17.8563,10.4912,-0.777873,
2464.57,-17.4265,10.4954,-0.7776,
2464.99,-16.9884,10.4985,-0.768194,
2465.55,-16.4248,10.4914,-0.755389,
2466,-15.9702,10.49,-0.747623,
2466.4,-15.5507,10.4877,-0.742496,
2466.81,-15.122,10.4892,-0.734098,
2467.22,-14.7041,10.4799,-0.721154,
2467.66,-14.2468,10.4839,-0.708439,
2468.07,-13.8186,10.4741,-0.698618,
2468.48,-13.3965,10.4751,-0.688225,
2468.91,-12.9584,10.4698,-0.680335,
2469.32,-12.5315,10.4639,-0.669414,
2469.73,-12.1057,10.4597,-0.659024,
2470.14,-11.6779,10.4653,-0.652907,
2470.55,-11.2568,10.4597,-0.644439,
2470.96,-10.8463,10.4567,-0.635383,
2471.36,-10.4287,10.4529,-0.626207,
2471.79,-9.99332,10.4495,-0.615337,
2472.2,-9.56978,10.4418,-0.607037,
2472.61,-9.14281,10.4459,-0.601234,
2473.02,-8.7142,10.444,-0.59332,
2473.46,-8.26941,10.4386,-0.583594,
2473.89,-7.81553,10.4404,-0.577631,
2474.3,-7.40015,10.4292,-0.56996,
2474.72,-6.97187,10.427,-0.560942,
2475.13,-6.53514,10.4304,-0.552363,
2475.55,-6.10516,10.4252,-0.545984,
2475.96,-5.67866,10.4256,-0.541834,
2476.37,-5.26337,10.4186,-0.524404,
2476.78,-4.8348,10.4209,-0.516594,
2477.19,-4.42873,10.4142,-0.509198,
2477.6,-4.01376,10.4103,-0.500974,
2478.01,-3.5828,10.4078,-0.48657,
2478.42,-3.1564,10.4027,-0.479328,
2478.83,-2.73854,10.4049,-0.469632,
2479.23,-2.31479,10.4015,-0.460143,
2479.67,-1.86695,10.3957,-0.451538,
2480.08,-1.43874,10.3951,-0.441601,
2480.49,-0.951167,10.3939,-0.431036,
2480.9,-0.562881,10.3906,-0.421703,
2481.31,-0.147724,10.3885,-0.412557,
2481.74,0.303131,10.3787,-0.400354,
2482.15,0.718697,10.3749,-0.38975,
2482.58,1.15032,10.3758,-0.382176,
2482.98,1.56223,10.3734,-0.371224,
2483.38,1.97568,10.3712,-0.363428,
2483.79,2.38931,10.3594,-0.352303,
2484.2,2.82144,10.3644,-0.33943,
2484.61,3.25585,10.3642,-0.327148,
2485.02,3.66468,10.3595,-0.314123,
2485.42,4.08767,10.3589,-0.303894,
2485.83,4.49075,10.3537,-0.292157,
2486.23,4.91845,10.3536,-0.281494,
2486.64,5.32932,10.3481,-0.270521,
2487.05,7.47964,10.0974,-0.161043,
2487.46,7.89715,10.0832,-0.147171,
2487.86,8.31107,10.0385,-0.104008,
2488.26,8.72494,10.0216,-0.0926171,
2488.67,9.13877,10.0034,-0.0819342,
2489.07,9.52313,9.98373,-0.0518599,
2489.52,9.97339,9.96285,-0.0405822,
2489.92,10.221,9.95375,-0.0313007,
2490.32,10.6204,9.93743,-0.0179453,
2490.73,10.9088,9.92745,-0.0145646,
2491.16,11.3535,9.91192,0.000293675,
2491.57,11.7668,9.89731,0.00889194,
2491.97,12.0676,9.90063,0.0102072,
2492.38,12.4896,9.88567,0.0247932,
2492.8,12.8859,9.87816,0.0252881,
2493.22,13.3286,9.86643,0.0371303,
2493.64,13.7745,9.85365,0.0505349,
2494.05,14.164,9.85069,0.0474048,
2494.49,14.6164,9.83642,0.0573972,
2494.93,14.6873,9.8348,0.0605804,
2495.34,14.6861,9.83345,0.0575105,
2495.75,14.6903,9.83438,0.0620444,
2496.15,14.6803,9.83488,0.0635394,
2496.56,14.6903,9.83738,0.0620504,
2496.99,14.6865,9.83536,0.0603381,
